0.00000    0.00000e+00    0.00000e+00    0.00000e+00
0.00347    2.99928e+05    9.99759e+04    1.99952e+04
0.00694    5.99759e+05    1.99920e+05    3.99840e+04
0.01042    8.99495e+05    2.99832e+05    5.99663e+04
0.01389    1.19913e+06    3.99711e+05    7.99423e+04
0.01736    1.49868e+06    4.99559e+05    9.99118e+04
0.02083    1.79812e+06    5.99375e+05    1.19875e+05
0.02431    2.09748e+06    6.99159e+05    1.39832e+05
0.02778    2.39673e+06    7.98910e+05    1.59782e+05
0.03125    2.69589e+06    8.98630e+05    1.79726e+05
0.03472    2.99495e+06    9.98318e+05    1.99664e+05
0.03819    3.29392e+06    1.09797e+06    2.19595e+05
0.04167    3.59279e+06    1.19760e+06    2.39519e+05
0.04514    3.89157e+06    1.29719e+06    2.59438e+05
0.04861    4.19025e+06    1.39675e+06    2.79350e+05
0.05208    4.48883e+06    1.49628e+06    2.99255e+05
0.05556    4.78732e+06    1.59577e+06    3.19155e+05
0.05903    5.08571e+06    1.69524e+06    3.39047e+05
0.06250    5.38401e+06    1.79467e+06    3.58934e+05
0.06597    5.68221e+06    1.89407e+06    3.78814e+05
0.06944    5.98031e+06    1.99344e+06    3.98688e+05
0.07292    6.27832e+06    2.09277e+06    4.18555e+05
0.07639    6.57624e+06    2.19208e+06    4.38416e+05
0.07986    6.87406e+06    2.29135e+06    4.58270e+05
0.08333    7.17178e+06    2.39059e+06    4.78119e+05
0.08681    7.46941e+06    2.48980e+06    4.97960e+05
0.09028    7.76694e+06    2.58898e+06    5.17796e+05
0.09375    8.06437e+06    2.68812e+06    5.37625e+05
0.09722    8.36172e+06    2.78724e+06    5.57448e+05
0.10069    8.65896e+06    2.88632e+06    5.77264e+05
0.10417    8.95611e+06    2.98537e+06    5.97074e+05
0.10764    9.25317e+06    3.08439e+06    6.16878e+05
0.11111    9.55013e+06    3.18338e+06    6.36675e+05
0.11458    9.84699e+06    3.28233e+06    6.56466e+05
0.11806    1.01438e+07    3.38125e+06    6.76251e+05
0.12153    1.04404e+07    3.48014e+06    6.96029e+05
0.12500    1.07370e+07    3.57900e+06    7.15801e+05
0.12847    1.10335e+07    3.67783e+06    7.35566e+05
0.13194    1.13299e+07    3.77663e+06    7.55326e+05
0.13542    1.16262e+07    3.87539e+06    7.75079e+05
0.13889    1.19224e+07    3.97413e+06    7.94825e+05
0.14236    1.22185e+07    4.07283e+06    8.14565e+05
0.14583    1.25145e+07    4.17150e+06    8.34299e+05
0.14931    1.28104e+07    4.27013e+06    8.54027e+05
0.15278    1.31062e+07    4.36874e+06    8.73748e+05
0.15625    1.34019e+07    4.46732e+06    8.93463e+05
0.15972    1.36976e+07    4.56586e+06    9.13172e+05
0.16319    1.39931e+07    4.66437e+06    9.32874e+05
0.16667    1.42885e+07    4.76285e+06    9.52570e+05
0.17014    1.45839e+07    4.86130e+06    9.72260e+05
0.17361    1.48791e+07    4.95971e+06    9.91943e+05
0.17708    1.51743e+07    5.05810e+06    1.01162e+06
0.18056    1.54694e+07    5.15645e+06    1.03129e+06
0.18403    1.57643e+07    5.25478e+06    1.05096e+06
0.18750    1.60592e+07    5.35307e+06    1.07061e+06
0.19097    1.63540e+07    5.45132e+06    1.09026e+06
0.19444    1.66487e+07    5.54955e+06    1.10991e+06
0.19792    1.69432e+07    5.64775e+06    1.12955e+06
0.20139    1.72377e+07    5.74591e+06    1.14918e+06
0.20486    1.75321e+07    5.84405e+06    1.16881e+06
0.20833    1.78264e+07    5.94215e+06    1.18843e+06
0.21181    1.81207e+07    6.04022e+06    1.20804e+06
0.21528    1.84148e+07    6.13826e+06    1.22765e+06
0.21875    1.87088e+07    6.23626e+06    1.24725e+06
0.22222    1.90027e+07    6.33424e+06    1.26685e+06
0.22569    1.92965e+07    6.43218e+06    1.28644e+06
0.22917    1.95903e+07    6.53009e+06    1.30602e+06
0.23264    1.98839e+07    6.62798e+06    1.32560e+06
0.23611    2.01775e+07    6.72583e+06    1.34517e+06
0.23958    2.04709e+07    6.82364e+06    1.36473e+06
0.24306    2.07643e+07    6.92143e+06    1.38429e+06
0.24653    2.10576e+07    7.01919e+06    1.40384e+06
0.25000    2.13507e+07    7.11691e+06    1.42338e+06
0.25347    2.16438e+07    7.21461e+06    1.44292e+06
0.25694    2.19368e+07    7.31227e+06    1.46245e+06
0.26042    2.22297e+07    7.40990e+06    1.48198e+06
0.26389    2.25225e+07    7.50750e+06    1.50150e+06
0.26736    2.28152e+07    7.60506e+06    1.52101e+06
0.27083    2.31078e+07    7.70260e+06    1.54052e+06
0.27431    2.34003e+07    7.80011e+06    1.56002e+06
0.27778    2.36927e+07    7.89758e+06    1.57952e+06
0.28125    2.39851e+07    7.99502e+06    1.59900e+06
0.28472    2.42773e+07    8.09243e+06    1.61849e+06
0.28819    2.45694e+07    8.18982e+06    1.63796e+06
0.29167    2.48615e+07    8.28716e+06    1.65743e+06
0.29514    2.51534e+07    8.38448e+06    1.67690e+06
0.29861    2.54453e+07    8.48177e+06    1.69635e+06
0.30208    2.57371e+07    8.57902e+06    1.71580e+06
0.30556    2.60287e+07    8.67625e+06    1.73525e+06
0.30903    2.63203e+07    8.77344e+06    1.75469e+06
0.31250    2.66118e+07    8.87060e+06    1.77412e+06
0.31597    2.69032e+07    8.96773e+06    1.79355e+06
0.31944    2.71945e+07    9.06483e+06    1.81297e+06
0.32292    2.74857e+07    9.16190e+06    1.83238e+06
0.32639    2.77768e+07    9.25894e+06    1.85179e+06
0.32986    2.80678e+07    9.35594e+06    1.87119e+06
0.33333    2.83588e+07    9.45292e+06    1.89058e+06
0.33681    2.86496e+07    9.54986e+06    1.90997e+06
0.34028    2.89403e+07    9.64678e+06    1.92936e+06
0.34375    2.92310e+07    9.74366e+06    1.94873e+06
0.34722    2.95215e+07    9.84051e+06    1.96810e+06
0.35069    2.98120e+07    9.93733e+06    1.98747e+06
0.35417    3.01023e+07    1.00341e+07    2.00682e+06
0.35764    3.03926e+07    1.01309e+07    2.02617e+06
0.36111    3.06828e+07    1.02276e+07    2.04552e+06
0.36458    3.09729e+07    1.03243e+07    2.06486e+06
0.36806    3.12629e+07    1.04210e+07    2.08419e+06
0.37153    3.15528e+07    1.05176e+07    2.10352e+06
0.37500    3.18426e+07    1.06142e+07    2.12284e+06
0.37847    3.21323e+07    1.07108e+07    2.14215e+06
0.38194    3.24219e+07    1.08073e+07    2.16146e+06
0.38542    3.27115e+07    1.09038e+07    2.18076e+06
0.38889    3.30009e+07    1.10003e+07    2.20006e+06
0.39236    3.32902e+07    1.10967e+07    2.21935e+06
0.39583    3.35795e+07    1.11932e+07    2.23863e+06
0.39931    3.38686e+07    1.12895e+07    2.25791e+06
0.40278    3.41577e+07    1.13859e+07    2.27718e+06
0.40625    3.44467e+07    1.14822e+07    2.29644e+06
0.40972    3.47356e+07    1.15785e+07    2.31570e+06
0.41319    3.50243e+07    1.16748e+07    2.33496e+06
0.41667    3.53130e+07    1.17710e+07    2.35420e+06
0.42014    3.56016e+07    1.18672e+07    2.37344e+06
0.42361    3.58901e+07    1.19634e+07    2.39268e+06
0.42708    3.61786e+07    1.20595e+07    2.41190e+06
0.43056    3.64669e+07    1.21556e+07    2.43113e+06
0.43403    3.67551e+07    1.22517e+07    2.45034e+06
0.43750    3.70432e+07    1.23477e+07    2.46955e+06
0.44097    3.73313e+07    1.24438e+07    2.48875e+06
0.44444    3.76192e+07    1.25397e+07    2.50795e+06
0.44792    3.79071e+07    1.26357e+07    2.52714e+06
0.45139    3.81949e+07    1.27316e+07    2.54633e+06
0.45486    3.84826e+07    1.28275e+07    2.56550e+06
0.45833    3.87701e+07    1.29234e+07    2.58468e+06
0.46181    3.90576e+07    1.30192e+07    2.60384e+06
0.46528    3.93450e+07    1.31150e+07    2.62300e+06
0.46875    3.96323e+07    1.32108e+07    2.64216e+06
0.47222    3.99196e+07    1.33065e+07    2.66130e+06
0.47569    4.02067e+07    1.34022e+07    2.68045e+06
0.47917    4.04937e+07    1.34979e+07    2.69958e+06
0.48264    4.07806e+07    1.35935e+07    2.71871e+06
0.48611    4.10675e+07    1.36892e+07    2.73783e+06
0.48958    4.13542e+07    1.37847e+07    2.75695e+06
0.49306    4.16409e+07    1.38803e+07    2.77606e+06
0.49653    4.19275e+07    1.39758e+07    2.79517e+06
0.50000    4.22140e+07    1.40713e+07    2.81426e+06
0.50347    4.25004e+07    1.41668e+07    2.83336e+06
0.50694    4.27866e+07    1.42622e+07    2.85244e+06
0.51042    4.30729e+07    1.43576e+07    2.87152e+06
0.51389    4.33590e+07    1.44530e+07    2.89060e+06
0.51736    4.36450e+07    1.45483e+07    2.90967e+06
0.52083    4.39309e+07    1.46436e+07    2.92873e+06
0.52431    4.42167e+07    1.47389e+07    2.94778e+06
0.52778    4.45025e+07    1.48342e+07    2.96683e+06
0.53125    4.47881e+07    1.49294e+07    2.98588e+06
0.53472    4.50737e+07    1.50246e+07    3.00491e+06
0.53819    4.53592e+07    1.51197e+07    3.02395e+06
0.54167    4.56446e+07    1.52149e+07    3.04297e+06
0.54514    4.59298e+07    1.53099e+07    3.06199e+06
0.54861    4.62150e+07    1.54050e+07    3.08100e+06
0.55208    4.65001e+07    1.55000e+07    3.10001e+06
0.55556    4.67852e+07    1.55951e+07    3.11901e+06
0.55903    4.70701e+07    1.56900e+07    3.13801e+06
0.56250    4.73549e+07    1.57850e+07    3.15699e+06
0.56597    4.76396e+07    1.58799e+07    3.17598e+06
0.56944    4.79243e+07    1.59748e+07    3.19495e+06
0.57292    4.82088e+07    1.60696e+07    3.21392e+06
0.57639    4.84933e+07    1.61644e+07    3.23289e+06
0.57986    4.87777e+07    1.62592e+07    3.25185e+06
0.58333    4.90620e+07    1.63540e+07    3.27080e+06
0.58681    4.93462e+07    1.64487e+07    3.28974e+06
0.59028    4.96303e+07    1.65434e+07    3.30868e+06
0.59375    4.99143e+07    1.66381e+07    3.32762e+06
0.59722    5.01982e+07    1.67327e+07    3.34655e+06
0.60069    5.04820e+07    1.68273e+07    3.36547e+06
0.60417    5.07657e+07    1.69219e+07    3.38438e+06
0.60764    5.10494e+07    1.70165e+07    3.40329e+06
0.61111    5.13329e+07    1.71110e+07    3.42220e+06
0.61458    5.16164e+07    1.72055e+07    3.44109e+06
0.61806    5.18998e+07    1.72999e+07    3.45999e+06
0.62153    5.21831e+07    1.73944e+07    3.47887e+06
0.62500    5.24662e+07    1.74887e+07    3.49775e+06
0.62847    5.27493e+07    1.75831e+07    3.51662e+06
0.63194    5.30324e+07    1.76775e+07    3.53549e+06
0.63542    5.33153e+07    1.77718e+07    3.55435e+06
0.63889    5.35981e+07    1.78660e+07    3.57321e+06
0.64236    5.38808e+07    1.79603e+07    3.59206e+06
0.64583    5.41635e+07    1.80545e+07    3.61090e+06
0.64931    5.44460e+07    1.81487e+07    3.62974e+06
0.65278    5.47285e+07    1.82428e+07    3.64857e+06
0.65625    5.50109e+07    1.83370e+07    3.66739e+06
0.65972    5.52932e+07    1.84311e+07    3.68621e+06
0.66319    5.55753e+07    1.85251e+07    3.70502e+06
0.66667    5.58574e+07    1.86191e+07    3.72383e+06
0.67014    5.61395e+07    1.87132e+07    3.74263e+06
0.67361    5.64214e+07    1.88071e+07    3.76143e+06
0.67708    5.67032e+07    1.89011e+07    3.78021e+06
0.68056    5.69850e+07    1.89950e+07    3.79900e+06
0.68403    5.72666e+07    1.90889e+07    3.81777e+06
0.68750    5.75482e+07    1.91827e+07    3.83654e+06
0.69097    5.78296e+07    1.92765e+07    3.85531e+06
0.69444    5.81110e+07    1.93703e+07    3.87407e+06
0.69792    5.83923e+07    1.94641e+07    3.89282e+06
0.70139    5.86735e+07    1.95578e+07    3.91157e+06
0.70486    5.89546e+07    1.96515e+07    3.93031e+06
0.70833    5.92356e+07    1.97452e+07    3.94904e+06
0.71181    5.95165e+07    1.98388e+07    3.96777e+06
0.71528    5.97974e+07    1.99325e+07    3.98649e+06
0.71875    6.00781e+07    2.00260e+07    4.00521e+06
0.72222    6.03588e+07    2.01196e+07    4.02392e+06
0.72569    6.06394e+07    2.02131e+07    4.04262e+06
0.72917    6.09198e+07    2.03066e+07    4.06132e+06
0.73264    6.12002e+07    2.04001e+07    4.08001e+06
0.73611    6.14805e+07    2.04935e+07    4.09870e+06
0.73958    6.17607e+07    2.05869e+07    4.11738e+06
0.74306    6.20408e+07    2.06803e+07    4.13606e+06
0.74653    6.23209e+07    2.07736e+07    4.15472e+06
0.75000    6.26008e+07    2.08669e+07    4.17339e+06
0.75347    6.28807e+07    2.09602e+07    4.19204e+06
0.75694    6.31604e+07    2.10535e+07    4.21069e+06
0.76042    6.34401e+07    2.11467e+07    4.22934e+06
0.76389    6.37197e+07    2.12399e+07    4.24798e+06
0.76736    6.39992e+07    2.13331e+07    4.26661e+06
0.77083    6.42786e+07    2.14262e+07    4.28524e+06
0.77431    6.45579e+07    2.15193e+07    4.30386e+06
0.77778    6.48371e+07    2.16124e+07    4.32247e+06
0.78125    6.51162e+07    2.17054e+07    4.34108e+06
0.78472    6.53953e+07    2.17984e+07    4.35968e+06
0.78819    6.56742e+07    2.18914e+07    4.37828e+06
0.79167    6.59531e+07    2.19844e+07    4.39687e+06
0.79514    6.62318e+07    2.20773e+07    4.41546e+06
0.79861    6.65105e+07    2.21702e+07    4.43404e+06
0.80208    6.67891e+07    2.22630e+07    4.45261e+06
0.80556    6.70676e+07    2.23559e+07    4.47118e+06
0.80903    6.73460e+07    2.24487e+07    4.48974e+06
0.81250    6.76244e+07    2.25415e+07    4.50829e+06
0.81597    6.79026e+07    2.26342e+07    4.52684e+06
0.81944    6.81808e+07    2.27269e+07    4.54538e+06
0.82292    6.84588e+07    2.28196e+07    4.56392e+06
0.82639    6.87368e+07    2.29123e+07    4.58245e+06
0.82986    6.90147e+07    2.30049e+07    4.60098e+06
0.83333    6.92925e+07    2.30975e+07    4.61950e+06
0.83681    6.95702e+07    2.31901e+07    4.63801e+06
0.84028    6.98478e+07    2.32826e+07    4.65652e+06
0.84375    7.01253e+07    2.33751e+07    4.67502e+06
0.84722    7.04027e+07    2.34676e+07    4.69352e+06
0.85069    7.06801e+07    2.35600e+07    4.71200e+06
0.85417    7.09573e+07    2.36524e+07    4.73049e+06
0.85764    7.12345e+07    2.37448e+07    4.74897e+06
0.86111    7.15116e+07    2.38372e+07    4.76744e+06
0.86458    7.17886e+07    2.39295e+07    4.78590e+06
0.86806    7.20655e+07    2.40218e+07    4.80436e+06
0.87153    7.23423e+07    2.41141e+07    4.82282e+06
0.87500    7.26190e+07    2.42063e+07    4.84127e+06
0.87847    7.28956e+07    2.42985e+07    4.85971e+06
0.88194    7.31722e+07    2.43907e+07    4.87815e+06
0.88542    7.34486e+07    2.44829e+07    4.89658e+06
0.88889    7.37250e+07    2.45750e+07    4.91500e+06
0.89236    7.40013e+07    2.46671e+07    4.93342e+06
0.89583    7.42775e+07    2.47592e+07    4.95183e+06
0.89931    7.45536e+07    2.48512e+07    4.97024e+06
0.90278    7.48296e+07    2.49432e+07    4.98864e+06
0.90625    7.51055e+07    2.50352e+07    5.00703e+06
0.90972    7.53814e+07    2.51271e+07    5.02542e+06
0.91319    7.56571e+07    2.52190e+07    5.04381e+06
0.91667    7.59328e+07    2.53109e+07    5.06218e+06
0.92014    7.62083e+07    2.54028e+07    5.08056e+06
0.92361    7.64838e+07    2.54946e+07    5.09892e+06
0.92708    7.67592e+07    2.55864e+07    5.11728e+06
0.93056    7.70345e+07    2.56782e+07    5.13564e+06
0.93403    7.73097e+07    2.57699e+07    5.15398e+06
0.93750    7.75849e+07    2.58616e+07    5.17233e+06
0.94097    7.78599e+07    2.59533e+07    5.19066e+06
0.94444    7.81349e+07    2.60450e+07    5.20899e+06
0.94792    7.84097e+07    2.61366e+07    5.22732e+06
0.95139    7.86845e+07    2.62282e+07    5.24563e+06
0.95486    7.89592e+07    2.63197e+07    5.26395e+06
0.95833    7.92338e+07    2.64113e+07    5.28225e+06
0.96181    7.95083e+07    2.65028e+07    5.30055e+06
0.96528    7.97827e+07    2.65942e+07    5.31885e+06
0.96875    8.00571e+07    2.66857e+07    5.33714e+06
0.97222    8.03313e+07    2.67771e+07    5.35542e+06
0.97569    8.06055e+07    2.68685e+07    5.37370e+06
0.97917    8.08796e+07    2.69599e+07    5.39197e+06
0.98264    8.11535e+07    2.70512e+07    5.41024e+06
0.98611    8.14274e+07    2.71425e+07    5.42850e+06
0.98958    8.17013e+07    2.72338e+07    5.44675e+06
0.99306    8.19750e+07    2.73250e+07    5.46500e+06
0.99653    8.22486e+07    2.74162e+07    5.48324e+06
1.00000    8.25222e+07    2.75074e+07    5.50148e+06
1.00347    8.27956e+07    2.75985e+07    5.51971e+06
1.00694    8.30690e+07    2.76897e+07    5.53793e+06
1.01042    8.33423e+07    2.77808e+07    5.55615e+06
1.01389    8.36155e+07    2.78718e+07    5.57436e+06
1.01736    8.38886e+07    2.79629e+07    5.59257e+06
1.02083    8.41616e+07    2.80539e+07    5.61077e+06
1.02431    8.44345e+07    2.81448e+07    5.62897e+06
1.02778    8.47074e+07    2.82358e+07    5.64716e+06
1.03125    8.49801e+07    2.83267e+07    5.66534e+06
1.03472    8.52528e+07    2.84176e+07    5.68352e+06
1.03819    8.55254e+07    2.85085e+07    5.70169e+06
1.04167    8.57979e+07    2.85993e+07    5.71986e+06
1.04514    8.60703e+07    2.86901e+07    5.73802e+06
1.04861    8.63426e+07    2.87809e+07    5.75617e+06
1.05208    8.66148e+07    2.88716e+07    5.77432e+06
1.05556    8.68870e+07    2.89623e+07    5.79247e+06
1.05903    8.71590e+07    2.90530e+07    5.81060e+06
1.06250    8.74310e+07    2.91437e+07    5.82873e+06
1.06597    8.77029e+07    2.92343e+07    5.84686e+06
1.06944    8.79747e+07    2.93249e+07    5.86498e+06
1.07292    8.82464e+07    2.94155e+07    5.88309e+06
1.07639    8.85180e+07    2.95060e+07    5.90120e+06
1.07986    8.87896e+07    2.95965e+07    5.91930e+06
1.08333    8.90610e+07    2.96870e+07    5.93740e+06
1.08681    8.93324e+07    2.97775e+07    5.95549e+06
1.09028    8.96036e+07    2.98679e+07    5.97358e+06
1.09375    8.98748e+07    2.99583e+07    5.99166e+06
1.09722    9.01459e+07    3.00486e+07    6.00973e+06
1.10069    9.04169e+07    3.01390e+07    6.02780e+06
1.10417    9.06879e+07    3.02293e+07    6.04586e+06
1.10764    9.09587e+07    3.03196e+07    6.06391e+06
1.11111    9.12295e+07    3.04098e+07    6.08196e+06
1.11458    9.15001e+07    3.05000e+07    6.10001e+06
1.11806    9.17707e+07    3.05902e+07    6.11805e+06
1.12153    9.20412e+07    3.06804e+07    6.13608e+06
1.12500    9.23116e+07    3.07705e+07    6.15411e+06
1.12847    9.25819e+07    3.08606e+07    6.17213e+06
1.13194    9.28521e+07    3.09507e+07    6.19014e+06
1.13542    9.31223e+07    3.10408e+07    6.20815e+06
1.13889    9.33924e+07    3.11308e+07    6.22616e+06
1.14236    9.36623e+07    3.12208e+07    6.24415e+06
1.14583    9.39322e+07    3.13107e+07    6.26215e+06
1.14931    9.42020e+07    3.14007e+07    6.28013e+06
1.15278    9.44717e+07    3.14906e+07    6.29811e+06
1.15625    9.47413e+07    3.15804e+07    6.31609e+06
1.15972    9.50109e+07    3.16703e+07    6.33406e+06
1.16319    9.52803e+07    3.17601e+07    6.35202e+06
1.16667    9.55497e+07    3.18499e+07    6.36998e+06
1.17014    9.58190e+07    3.19397e+07    6.38793e+06
1.17361    9.60882e+07    3.20294e+07    6.40588e+06
1.17708    9.63573e+07    3.21191e+07    6.42382e+06
1.18056    9.66263e+07    3.22088e+07    6.44175e+06
1.18403    9.68952e+07    3.22984e+07    6.45968e+06
1.18750    9.71641e+07    3.23880e+07    6.47761e+06
1.19097    9.74328e+07    3.24776e+07    6.49552e+06
1.19444    9.77015e+07    3.25672e+07    6.51343e+06
1.19792    9.79701e+07    3.26567e+07    6.53134e+06
1.20139    9.82386e+07    3.27462e+07    6.54924e+06
1.20486    9.85070e+07    3.28357e+07    6.56714e+06
1.20833    9.87754e+07    3.29251e+07    6.58502e+06
1.21181    9.90436e+07    3.30145e+07    6.60291e+06
1.21528    9.93118e+07    3.31039e+07    6.62078e+06
1.21875    9.95798e+07    3.31933e+07    6.63866e+06
1.22222    9.98478e+07    3.32826e+07    6.65652e+06
1.22569    1.00116e+08    3.33719e+07    6.67438e+06
1.22917    1.00384e+08    3.34612e+07    6.69224e+06
1.23264    1.00651e+08    3.35504e+07    6.71008e+06
1.23611    1.00919e+08    3.36396e+07    6.72793e+06
1.23958    1.01186e+08    3.37288e+07    6.74576e+06
1.24306    1.01454e+08    3.38180e+07    6.76360e+06
1.24653    1.01721e+08    3.39071e+07    6.78142e+06
1.25000    1.01989e+08    3.39962e+07    6.79924e+06
1.25347    1.02256e+08    3.40853e+07    6.81706e+06
1.25694    1.02523e+08    3.41743e+07    6.83486e+06
1.26042    1.02790e+08    3.42633e+07    6.85267e+06
1.26389    1.03057e+08    3.43523e+07    6.87046e+06
1.26736    1.03324e+08    3.44413e+07    6.88826e+06
1.27083    1.03591e+08    3.45302e+07    6.90604e+06
1.27431    1.03857e+08    3.46191e+07    6.92382e+06
1.27778    1.04124e+08    3.47080e+07    6.94160e+06
1.28125    1.04390e+08    3.47968e+07    6.95937e+06
1.28472    1.04657e+08    3.48856e+07    6.97713e+06
1.28819    1.04923e+08    3.49744e+07    6.99489e+06
1.29167    1.05190e+08    3.50632e+07    7.01264e+06
1.29514    1.05456e+08    3.51519e+07    7.03038e+06
1.29861    1.05722e+08    3.52406e+07    7.04812e+06
1.30208    1.05988e+08    3.53293e+07    7.06586e+06
1.30556    1.06254e+08    3.54179e+07    7.08359e+06
1.30903    1.06520e+08    3.55065e+07    7.10131e+06
1.31250    1.06785e+08    3.55951e+07    7.11903e+06
1.31597    1.07051e+08    3.56837e+07    7.13674e+06
1.31944    1.07317e+08    3.57722e+07    7.15444e+06
1.32292    1.07582e+08    3.58607e+07    7.17214e+06
1.32639    1.07848e+08    3.59492e+07    7.18984e+06
1.32986    1.08113e+08    3.60376e+07    7.20753e+06
1.33333    1.08378e+08    3.61261e+07    7.22521e+06
1.33681    1.08643e+08    3.62144e+07    7.24289e+06
1.34028    1.08908e+08    3.63028e+07    7.26056e+06
1.34375    1.09173e+08    3.63911e+07    7.27823e+06
1.34722    1.09438e+08    3.64794e+07    7.29589e+06
1.35069    1.09703e+08    3.65677e+07    7.31354e+06
1.35417    1.09968e+08    3.66560e+07    7.33119e+06
1.35764    1.10233e+08    3.67442e+07    7.34884e+06
1.36111    1.10497e+08    3.68324e+07    7.36647e+06
1.36458    1.10762e+08    3.69205e+07    7.38411e+06
1.36806    1.11026e+08    3.70087e+07    7.40173e+06
1.37153    1.11290e+08    3.70968e+07    7.41935e+06
1.37500    1.11555e+08    3.71848e+07    7.43697e+06
1.37847    1.11819e+08    3.72729e+07    7.45458e+06
1.38194    1.12083e+08    3.73609e+07    7.47218e+06
1.38542    1.12347e+08    3.74489e+07    7.48978e+06
1.38889    1.12611e+08    3.75369e+07    7.50737e+06
1.39236    1.12874e+08    3.76248e+07    7.52496e+06
1.39583    1.13138e+08    3.77127e+07    7.54254e+06
1.39931    1.13402e+08    3.78006e+07    7.56012e+06
1.40278    1.13665e+08    3.78884e+07    7.57769e+06
1.40625    1.13929e+08    3.79763e+07    7.59525e+06
1.40972    1.14192e+08    3.80641e+07    7.61281e+06
1.41319    1.14455e+08    3.81518e+07    7.63037e+06
1.41667    1.14719e+08    3.82396e+07    7.64791e+06
1.42014    1.14982e+08    3.83273e+07    7.66546e+06
1.42361    1.15245e+08    3.84150e+07    7.68299e+06
1.42708    1.15508e+08    3.85026e+07    7.70052e+06
1.43056    1.15771e+08    3.85902e+07    7.71805e+06
1.43403    1.16034e+08    3.86778e+07    7.73557e+06
1.43750    1.16296e+08    3.87654e+07    7.75308e+06
1.44097    1.16559e+08    3.88530e+07    7.77059e+06
1.44444    1.16821e+08    3.89405e+07    7.78809e+06
1.44792    1.17084e+08    3.90280e+07    7.80559e+06
1.45139    1.17346e+08    3.91154e+07    7.82308e+06
1.45486    1.17609e+08    3.92028e+07    7.84057e+06
1.45833    1.17871e+08    3.92902e+07    7.85805e+06
1.46181    1.18133e+08    3.93776e+07    7.87552e+06
1.46528    1.18395e+08    3.94650e+07    7.89299e+06
1.46875    1.18657e+08    3.95523e+07    7.91046e+06
1.47222    1.18919e+08    3.96396e+07    7.92791e+06
1.47569    1.19180e+08    3.97268e+07    7.94537e+06
1.47917    1.19442e+08    3.98141e+07    7.96281e+06
1.48264    1.19704e+08    3.99013e+07    7.98025e+06
1.48611    1.19965e+08    3.99884e+07    7.99769e+06
1.48958    1.20227e+08    4.00756e+07    8.01512e+06
1.49306    1.20488e+08    4.01627e+07    8.03254e+06
1.49653    1.20749e+08    4.02498e+07    8.04996e+06
1.50000    1.21011e+08    4.03369e+07    8.06737e+06
1.50347    1.21272e+08    4.04239e+07    8.08478e+06
1.50694    1.21533e+08    4.05109e+07    8.10218e+06
1.51042    1.21794e+08    4.05979e+07    8.11958e+06
1.51389    1.22055e+08    4.06849e+07    8.13697e+06
1.51736    1.22315e+08    4.07718e+07    8.15436e+06
1.52083    1.22576e+08    4.08587e+07    8.17174e+06
1.52431    1.22837e+08    4.09456e+07    8.18911e+06
1.52778    1.23097e+08    4.10324e+07    8.20648e+06
1.53125    1.23358e+08    4.11192e+07    8.22384e+06
1.53472    1.23618e+08    4.12060e+07    8.24120e+06
1.53819    1.23878e+08    4.12928e+07    8.25855e+06
1.54167    1.24138e+08    4.13795e+07    8.27590e+06
1.54514    1.24399e+08    4.14662e+07    8.29324e+06
1.54861    1.24659e+08    4.15529e+07    8.31057e+06
1.55208    1.24919e+08    4.16395e+07    8.32790e+06
1.55556    1.25178e+08    4.17261e+07    8.34523e+06
1.55903    1.25438e+08    4.18127e+07    8.36254e+06
1.56250    1.25698e+08    4.18993e+07    8.37986e+06
1.56597    1.25957e+08    4.19858e+07    8.39716e+06
1.56944    1.26217e+08    4.20723e+07    8.41447e+06
1.57292    1.26476e+08    4.21588e+07    8.43176e+06
1.57639    1.26736e+08    4.22453e+07    8.44905e+06
1.57986    1.26995e+08    4.23317e+07    8.46634e+06
1.58333    1.27254e+08    4.24181e+07    8.48362e+06
1.58681    1.27513e+08    4.25045e+07    8.50089e+06
1.59028    1.27772e+08    4.25908e+07    8.51816e+06
1.59375    1.28031e+08    4.26771e+07    8.53542e+06
1.59722    1.28290e+08    4.27634e+07    8.55268e+06
1.60069    1.28549e+08    4.28497e+07    8.56993e+06
1.60417    1.28808e+08    4.29359e+07    8.58718e+06
1.60764    1.29066e+08    4.30221e+07    8.60442e+06
1.61111    1.29325e+08    4.31083e+07    8.62165e+06
1.61458    1.29583e+08    4.31944e+07    8.63888e+06
1.61806    1.29842e+08    4.32805e+07    8.65611e+06
1.62153    1.30100e+08    4.33666e+07    8.67333e+06
1.62500    1.30358e+08    4.34527e+07    8.69054e+06
1.62847    1.30616e+08    4.35387e+07    8.70775e+06
1.63194    1.30874e+08    4.36248e+07    8.72495e+06
1.63542    1.31132e+08    4.37107e+07    8.74215e+06
1.63889    1.31390e+08    4.37967e+07    8.75934e+06
1.64236    1.31648e+08    4.38826e+07    8.77652e+06
1.64583    1.31906e+08    4.39685e+07    8.79370e+06
1.64931    1.32163e+08    4.40544e+07    8.81088e+06
1.65278    1.32421e+08    4.41402e+07    8.82805e+06
1.65625    1.32678e+08    4.42261e+07    8.84521e+06
1.65972    1.32936e+08    4.43118e+07    8.86237e+06
1.66319    1.33193e+08    4.43976e+07    8.87952e+06
1.66667    1.33450e+08    4.44833e+07    8.89667e+06
1.67014    1.33707e+08    4.45690e+07    8.91381e+06
1.67361    1.33964e+08    4.46547e+07    8.93095e+06
1.67708    1.34221e+08    4.47404e+07    8.94808e+06
1.68056    1.34478e+08    4.48260e+07    8.96520e+06
1.68403    1.34735e+08    4.49116e+07    8.98232e+06
1.68750    1.34992e+08    4.49972e+07    8.99944e+06
1.69097    1.35248e+08    4.50827e+07    9.01654e+06
1.69444    1.35505e+08    4.51682e+07    9.03365e+06
1.69792    1.35761e+08    4.52537e+07    9.05074e+06
1.70139    1.36018e+08    4.53392e+07    9.06784e+06
1.70486    1.36274e+08    4.54246e+07    9.08492e+06
1.70833    1.36530e+08    4.55100e+07    9.10200e+06
1.71181    1.36786e+08    4.55954e+07    9.11908e+06
1.71528    1.37042e+08    4.56808e+07    9.13615e+06
1.71875    1.37298e+08    4.57661e+07    9.15321e+06
1.72222    1.37554e+08    4.58514e+07    9.17027e+06
1.72569    1.37810e+08    4.59366e+07    9.18733e+06
1.72917    1.38066e+08    4.60219e+07    9.20438e+06
1.73264    1.38321e+08    4.61071e+07    9.22142e+06
1.73611    1.38577e+08    4.61923e+07    9.23846e+06
1.73958    1.38832e+08    4.62774e+07    9.25549e+06
1.74306    1.39088e+08    4.63626e+07    9.27251e+06
1.74653    1.39343e+08    4.64477e+07    9.28954e+06
1.75000    1.39598e+08    4.65328e+07    9.30655e+06
1.75347    1.39853e+08    4.66178e+07    9.32356e+06
1.75694    1.40108e+08    4.67028e+07    9.34057e+06
1.76042    1.40363e+08    4.67878e+07    9.35756e+06
1.76389    1.40618e+08    4.68728e+07    9.37456e+06
1.76736    1.40873e+08    4.69577e+07    9.39155e+06
1.77083    1.41128e+08    4.70426e+07    9.40853e+06
1.77431    1.41383e+08    4.71275e+07    9.42551e+06
1.77778    1.41637e+08    4.72124e+07    9.44248e+06
1.78125    1.41892e+08    4.72972e+07    9.45945e+06
1.78472    1.42146e+08    4.73820e+07    9.47641e+06
1.78819    1.42400e+08    4.74668e+07    9.49336e+06
1.79167    1.42655e+08    4.75516e+07    9.51031e+06
1.79514    1.42909e+08    4.76363e+07    9.52726e+06
1.79861    1.43163e+08    4.77210e+07    9.54420e+06
1.80208    1.43417e+08    4.78056e+07    9.56113e+06
1.80556    1.43671e+08    4.78903e+07    9.57806e+06
1.80903    1.43925e+08    4.79749e+07    9.59498e+06
1.81250    1.44178e+08    4.80595e+07    9.61190e+06
1.81597    1.44432e+08    4.81441e+07    9.62881e+06
1.81944    1.44686e+08    4.82286e+07    9.64572e+06
1.82292    1.44939e+08    4.83131e+07    9.66262e+06
1.82639    1.45193e+08    4.83976e+07    9.67951e+06
1.82986    1.45446e+08    4.84820e+07    9.69641e+06
1.83333    1.45699e+08    4.85665e+07    9.71329e+06
1.83681    1.45953e+08    4.86508e+07    9.73017e+06
1.84028    1.46206e+08    4.87352e+07    9.74704e+06
1.84375    1.46459e+08    4.88196e+07    9.76391e+06
1.84722    1.46712e+08    4.89039e+07    9.78078e+06
1.85069    1.46965e+08    4.89882e+07    9.79763e+06
1.85417    1.47217e+08    4.90724e+07    9.81449e+06
1.85764    1.47470e+08    4.91567e+07    9.83133e+06
1.86111    1.47723e+08    4.92409e+07    9.84818e+06
1.86458    1.47975e+08    4.93251e+07    9.86501e+06
1.86806    1.48228e+08    4.94092e+07    9.88184e+06
1.87153    1.48480e+08    4.94933e+07    9.89867e+06
1.87500    1.48732e+08    4.95774e+07    9.91549e+06
1.87847    1.48985e+08    4.96615e+07    9.93230e+06
1.88194    1.49237e+08    4.97456e+07    9.94911e+06
1.88542    1.49489e+08    4.98296e+07    9.96592e+06
1.88889    1.49741e+08    4.99136e+07    9.98271e+06
1.89236    1.49993e+08    4.99975e+07    9.99951e+06
1.89583    1.50244e+08    5.00815e+07    1.00163e+07
1.89931    1.50496e+08    5.01654e+07    1.00331e+07
1.90278    1.50748e+08    5.02493e+07    1.00499e+07
1.90625    1.50999e+08    5.03331e+07    1.00666e+07
1.90972    1.51251e+08    5.04170e+07    1.00834e+07
1.91319    1.51502e+08    5.05008e+07    1.01002e+07
1.91667    1.51754e+08    5.05845e+07    1.01169e+07
1.92014    1.52005e+08    5.06683e+07    1.01337e+07
1.92361    1.52256e+08    5.07520e+07    1.01504e+07
1.92708    1.52507e+08    5.08357e+07    1.01671e+07
1.93056    1.52758e+08    5.09194e+07    1.01839e+07
1.93403    1.53009e+08    5.10030e+07    1.02006e+07
1.93750    1.53260e+08    5.10866e+07    1.02173e+07
1.94097    1.53511e+08    5.11702e+07    1.02340e+07
1.94444    1.53761e+08    5.12538e+07    1.02508e+07
1.94792    1.54012e+08    5.13373e+07    1.02675e+07
1.95139    1.54263e+08    5.14208e+07    1.02842e+07
1.95486    1.54513e+08    5.15043e+07    1.03009e+07
1.95833    1.54763e+08    5.15878e+07    1.03176e+07
1.96181    1.55014e+08    5.16712e+07    1.03342e+07
1.96528    1.55264e+08    5.17546e+07    1.03509e+07
1.96875    1.55514e+08    5.18380e+07    1.03676e+07
1.97222    1.55764e+08    5.19213e+07    1.03843e+07
1.97569    1.56014e+08    5.20047e+07    1.04009e+07
1.97917    1.56264e+08    5.20880e+07    1.04176e+07
1.98264    1.56514e+08    5.21712e+07    1.04342e+07
1.98611    1.56763e+08    5.22545e+07    1.04509e+07
1.98958    1.57013e+08    5.23377e+07    1.04675e+07
1.99306    1.57263e+08    5.24209e+07    1.04842e+07
1.99653    1.57512e+08    5.25040e+07    1.05008e+07
2.00000    1.57761e+08    5.25872e+07    1.05174e+07
2.00347    1.58011e+08    5.26703e+07    1.05341e+07
2.00694    1.58260e+08    5.27534e+07    1.05507e+07
2.01042    1.58509e+08    5.28364e+07    1.05673e+07
2.01389    1.58758e+08    5.29194e+07    1.05839e+07
2.01736    1.59007e+08    5.30024e+07    1.06005e+07
2.02083    1.59256e+08    5.30854e+07    1.06171e+07
2.02431    1.59505e+08    5.31684e+07    1.06337e+07
2.02778    1.59754e+08    5.32513e+07    1.06503e+07
2.03125    1.60003e+08    5.33342e+07    1.06668e+07
2.03472    1.60251e+08    5.34171e+07    1.06834e+07
2.03819    1.60500e+08    5.34999e+07    1.07000e+07
2.04167    1.60748e+08    5.35827e+07    1.07165e+07
2.04514    1.60996e+08    5.36655e+07    1.07331e+07
2.04861    1.61245e+08    5.37483e+07    1.07497e+07
2.05208    1.61493e+08    5.38310e+07    1.07662e+07
2.05556    1.61741e+08    5.39137e+07    1.07827e+07
2.05903    1.61989e+08    5.39964e+07    1.07993e+07
2.06250    1.62237e+08    5.40790e+07    1.08158e+07
2.06597    1.62485e+08    5.41617e+07    1.08323e+07
2.06944    1.62733e+08    5.42443e+07    1.08489e+07
2.07292    1.62981e+08    5.43269e+07    1.08654e+07
2.07639    1.63228e+08    5.44094e+07    1.08819e+07
2.07986    1.63476e+08    5.44919e+07    1.08984e+07
2.08333    1.63723e+08    5.45744e+07    1.09149e+07
2.08681    1.63971e+08    5.46569e+07    1.09314e+07
2.09028    1.64218e+08    5.47393e+07    1.09479e+07
2.09375    1.64465e+08    5.48218e+07    1.09644e+07
2.09722    1.64712e+08    5.49041e+07    1.09808e+07
2.10069    1.64960e+08    5.49865e+07    1.09973e+07
2.10417    1.65207e+08    5.50689e+07    1.10138e+07
2.10764    1.65453e+08    5.51512e+07    1.10302e+07
2.11111    1.65700e+08    5.52335e+07    1.10467e+07
2.11458    1.65947e+08    5.53157e+07    1.10631e+07
2.11806    1.66194e+08    5.53979e+07    1.10796e+07
2.12153    1.66440e+08    5.54802e+07    1.10960e+07
2.12500    1.66687e+08    5.55623e+07    1.11125e+07
2.12847    1.66933e+08    5.56445e+07    1.11289e+07
2.13194    1.67180e+08    5.57266e+07    1.11453e+07
2.13542    1.67426e+08    5.58087e+07    1.11617e+07
2.13889    1.67672e+08    5.58908e+07    1.11782e+07
2.14236    1.67919e+08    5.59728e+07    1.11946e+07
2.14583    1.68165e+08    5.60549e+07    1.12110e+07
2.14931    1.68411e+08    5.61369e+07    1.12274e+07
2.15278    1.68656e+08    5.62188e+07    1.12438e+07
2.15625    1.68902e+08    5.63008e+07    1.12602e+07
2.15972    1.69148e+08    5.63827e+07    1.12765e+07
2.16319    1.69394e+08    5.64646e+07    1.12929e+07
2.16667    1.69639e+08    5.65464e+07    1.13093e+07
2.17014    1.69885e+08    5.66283e+07    1.13257e+07
2.17361    1.70130e+08    5.67101e+07    1.13420e+07
2.17708    1.70376e+08    5.67919e+07    1.13584e+07
2.18056    1.70621e+08    5.68736e+07    1.13747e+07
2.18403    1.70866e+08    5.69554e+07    1.13911e+07
2.18750    1.71111e+08    5.70371e+07    1.14074e+07
2.19097    1.71356e+08    5.71188e+07    1.14238e+07
2.19444    1.71601e+08    5.72004e+07    1.14401e+07
2.19792    1.71846e+08    5.72820e+07    1.14564e+07
2.20139    1.72091e+08    5.73636e+07    1.14727e+07
2.20486    1.72336e+08    5.74452e+07    1.14890e+07
2.20833    1.72580e+08    5.75268e+07    1.15054e+07
2.21181    1.72825e+08    5.76083e+07    1.15217e+07
2.21528    1.73069e+08    5.76898e+07    1.15380e+07
2.21875    1.73314e+08    5.77713e+07    1.15543e+07
2.22222    1.73558e+08    5.78527e+07    1.15705e+07
2.22569    1.73802e+08    5.79341e+07    1.15868e+07
2.22917    1.74047e+08    5.80155e+07    1.16031e+07
2.23264    1.74291e+08    5.80969e+07    1.16194e+07
2.23611    1.74535e+08    5.81782e+07    1.16356e+07
2.23958    1.74779e+08    5.82595e+07    1.16519e+07
2.24306    1.75023e+08    5.83408e+07    1.16682e+07
2.24653    1.75266e+08    5.84221e+07    1.16844e+07
2.25000    1.75510e+08    5.85033e+07    1.17007e+07
2.25347    1.75754e+08    5.85845e+07    1.17169e+07
2.25694    1.75997e+08    5.86657e+07    1.17331e+07
2.26042    1.76241e+08    5.87469e+07    1.17494e+07
2.26389    1.76484e+08    5.88280e+07    1.17656e+07
2.26736    1.76727e+08    5.89091e+07    1.17818e+07
2.27083    1.76971e+08    5.89902e+07    1.17980e+07
2.27431    1.77214e+08    5.90713e+07    1.18143e+07
2.27778    1.77457e+08    5.91523e+07    1.18305e+07
2.28125    1.77700e+08    5.92333e+07    1.18467e+07
2.28472    1.77943e+08    5.93143e+07    1.18629e+07
2.28819    1.78186e+08    5.93952e+07    1.18790e+07
2.29167    1.78428e+08    5.94761e+07    1.18952e+07
2.29514    1.78671e+08    5.95570e+07    1.19114e+07
2.29861    1.78914e+08    5.96379e+07    1.19276e+07
2.30208    1.79156e+08    5.97188e+07    1.19438e+07
2.30556    1.79399e+08    5.97996e+07    1.19599e+07
2.30903    1.79641e+08    5.98804e+07    1.19761e+07
2.31250    1.79883e+08    5.99611e+07    1.19922e+07
2.31597    1.80126e+08    6.00419e+07    1.20084e+07
2.31944    1.80368e+08    6.01226e+07    1.20245e+07
2.32292    1.80610e+08    6.02033e+07    1.20407e+07
2.32639    1.80852e+08    6.02840e+07    1.20568e+07
2.32986    1.81094e+08    6.03646e+07    1.20729e+07
2.33333    1.81336e+08    6.04452e+07    1.20890e+07
2.33681    1.81577e+08    6.05258e+07    1.21052e+07
2.34028    1.81819e+08    6.06064e+07    1.21213e+07
2.34375    1.82061e+08    6.06869e+07    1.21374e+07
2.34722    1.82302e+08    6.07674e+07    1.21535e+07
2.35069    1.82544e+08    6.08479e+07    1.21696e+07
2.35417    1.82785e+08    6.09284e+07    1.21857e+07
2.35764    1.83026e+08    6.10088e+07    1.22018e+07
2.36111    1.83268e+08    6.10892e+07    1.22178e+07
2.36458    1.83509e+08    6.11696e+07    1.22339e+07
2.36806    1.83750e+08    6.12499e+07    1.22500e+07
2.37153    1.83991e+08    6.13303e+07    1.22661e+07
2.37500    1.84232e+08    6.14106e+07    1.22821e+07
2.37847    1.84473e+08    6.14908e+07    1.22982e+07
2.38194    1.84713e+08    6.15711e+07    1.23142e+07
2.38542    1.84954e+08    6.16513e+07    1.23303e+07
2.38889    1.85195e+08    6.17315e+07    1.23463e+07
2.39236    1.85435e+08    6.18117e+07    1.23623e+07
2.39583    1.85676e+08    6.18918e+07    1.23784e+07
2.39931    1.85916e+08    6.19720e+07    1.23944e+07
2.40278    1.86156e+08    6.20521e+07    1.24104e+07
2.40625    1.86396e+08    6.21321e+07    1.24264e+07
2.40972    1.86637e+08    6.22122e+07    1.24424e+07
2.41319    1.86877e+08    6.22922e+07    1.24584e+07
2.41667    1.87117e+08    6.23722e+07    1.24744e+07
2.42014    1.87357e+08    6.24522e+07    1.24904e+07
2.42361    1.87596e+08    6.25321e+07    1.25064e+07
2.42708    1.87836e+08    6.26120e+07    1.25224e+07
2.43056    1.88076e+08    6.26919e+07    1.25384e+07
2.43403    1.88315e+08    6.27718e+07    1.25544e+07
2.43750    1.88555e+08    6.28516e+07    1.25703e+07
2.44097    1.88794e+08    6.29315e+07    1.25863e+07
2.44444    1.89034e+08    6.30112e+07    1.26022e+07
2.44792    1.89273e+08    6.30910e+07    1.26182e+07
2.45139    1.89512e+08    6.31707e+07    1.26341e+07
2.45486    1.89751e+08    6.32505e+07    1.26501e+07
2.45833    1.89990e+08    6.33301e+07    1.26660e+07
2.46181    1.90229e+08    6.34098e+07    1.26820e+07
2.46528    1.90468e+08    6.34894e+07    1.26979e+07
2.46875    1.90707e+08    6.35691e+07    1.27138e+07
2.47222    1.90946e+08    6.36486e+07    1.27297e+07
2.47569    1.91185e+08    6.37282e+07    1.27456e+07
2.47917    1.91423e+08    6.38077e+07    1.27615e+07
2.48264    1.91662e+08    6.38873e+07    1.27775e+07
2.48611    1.91900e+08    6.39667e+07    1.27933e+07
2.48958    1.92139e+08    6.40462e+07    1.28092e+07
2.49306    1.92377e+08    6.41256e+07    1.28251e+07
2.49653    1.92615e+08    6.42050e+07    1.28410e+07
2.50000    1.92853e+08    6.42844e+07    1.28569e+07
2.50347    1.93091e+08    6.43638e+07    1.28728e+07
2.50694    1.93329e+08    6.44431e+07    1.28886e+07
2.51042    1.93567e+08    6.45224e+07    1.29045e+07
2.51389    1.93805e+08    6.46017e+07    1.29203e+07
2.51736    1.94043e+08    6.46809e+07    1.29362e+07
2.52083    1.94281e+08    6.47602e+07    1.29520e+07
2.52431    1.94518e+08    6.48394e+07    1.29679e+07
2.52778    1.94756e+08    6.49186e+07    1.29837e+07
2.53125    1.94993e+08    6.49977e+07    1.29995e+07
2.53472    1.95230e+08    6.50768e+07    1.30154e+07
2.53819    1.95468e+08    6.51559e+07    1.30312e+07
2.54167    1.95705e+08    6.52350e+07    1.30470e+07
2.54514    1.95942e+08    6.53141e+07    1.30628e+07
2.54861    1.96179e+08    6.53931e+07    1.30786e+07
2.55208    1.96416e+08    6.54721e+07    1.30944e+07
2.55556    1.96653e+08    6.55511e+07    1.31102e+07
2.55903    1.96890e+08    6.56300e+07    1.31260e+07
2.56250    1.97127e+08    6.57089e+07    1.31418e+07
2.56597    1.97364e+08    6.57878e+07    1.31576e+07
2.56944    1.97600e+08    6.58667e+07    1.31733e+07
2.57292    1.97837e+08    6.59456e+07    1.31891e+07
2.57639    1.98073e+08    6.60244e+07    1.32049e+07
2.57986    1.98310e+08    6.61032e+07    1.32206e+07
2.58333    1.98546e+08    6.61820e+07    1.32364e+07
2.58681    1.98782e+08    6.62607e+07    1.32521e+07
2.59028    1.99018e+08    6.63394e+07    1.32679e+07
2.59375    1.99254e+08    6.64181e+07    1.32836e+07
2.59722    1.99490e+08    6.64968e+07    1.32994e+07
2.60069    1.99726e+08    6.65754e+07    1.33151e+07
2.60417    1.99962e+08    6.66541e+07    1.33308e+07
2.60764    2.00198e+08    6.67327e+07    1.33465e+07
2.61111    2.00434e+08    6.68112e+07    1.33622e+07
2.61458    2.00669e+08    6.68898e+07    1.33780e+07
2.61806    2.00905e+08    6.69683e+07    1.33937e+07
2.62153    2.01140e+08    6.70468e+07    1.34094e+07
2.62500    2.01376e+08    6.71253e+07    1.34251e+07
2.62847    2.01611e+08    6.72037e+07    1.34407e+07
2.63194    2.01846e+08    6.72821e+07    1.34564e+07
2.63542    2.02082e+08    6.73605e+07    1.34721e+07
2.63889    2.02317e+08    6.74389e+07    1.34878e+07
2.64236    2.02552e+08    6.75172e+07    1.35034e+07
2.64583    2.02787e+08    6.75956e+07    1.35191e+07
2.64931    2.03022e+08    6.76739e+07    1.35348e+07
2.65278    2.03256e+08    6.77521e+07    1.35504e+07
2.65625    2.03491e+08    6.78304e+07    1.35661e+07
2.65972    2.03726e+08    6.79086e+07    1.35817e+07
2.66319    2.03960e+08    6.79868e+07    1.35974e+07
2.66667    2.04195e+08    6.80649e+07    1.36130e+07
2.67014    2.04429e+08    6.81431e+07    1.36286e+07
2.67361    2.04664e+08    6.82212e+07    1.36442e+07
2.67708    2.04898e+08    6.82993e+07    1.36599e+07
2.68056    2.05132e+08    6.83774e+07    1.36755e+07
2.68403    2.05366e+08    6.84554e+07    1.36911e+07
2.68750    2.05600e+08    6.85334e+07    1.37067e+07
2.69097    2.05834e+08    6.86114e+07    1.37223e+07
2.69444    2.06068e+08    6.86894e+07    1.37379e+07
2.69792    2.06302e+08    6.87673e+07    1.37535e+07
2.70139    2.06536e+08    6.88453e+07    1.37691e+07
2.70486    2.06769e+08    6.89231e+07    1.37846e+07
2.70833    2.07003e+08    6.90010e+07    1.38002e+07
2.71181    2.07237e+08    6.90789e+07    1.38158e+07
2.71528    2.07470e+08    6.91567e+07    1.38313e+07
2.71875    2.07703e+08    6.92345e+07    1.38469e+07
2.72222    2.07937e+08    6.93122e+07    1.38624e+07
2.72569    2.08170e+08    6.93900e+07    1.38780e+07
2.72917    2.08403e+08    6.94677e+07    1.38935e+07
2.73264    2.08636e+08    6.95454e+07    1.39091e+07
2.73611    2.08869e+08    6.96231e+07    1.39246e+07
2.73958    2.09102e+08    6.97007e+07    1.39401e+07
2.74306    2.09335e+08    6.97783e+07    1.39557e+07
2.74653    2.09568e+08    6.98559e+07    1.39712e+07
2.75000    2.09800e+08    6.99335e+07    1.39867e+07
2.75347    2.10033e+08    7.00110e+07    1.40022e+07
2.75694    2.10266e+08    7.00886e+07    1.40177e+07
2.76042    2.10498e+08    7.01661e+07    1.40332e+07
2.76389    2.10731e+08    7.02435e+07    1.40487e+07
2.76736    2.10963e+08    7.03210e+07    1.40642e+07
2.77083    2.11195e+08    7.03984e+07    1.40797e+07
2.77431    2.11427e+08    7.04758e+07    1.40952e+07
2.77778    2.11659e+08    7.05532e+07    1.41106e+07
2.78125    2.11891e+08    7.06305e+07    1.41261e+07
2.78472    2.12123e+08    7.07078e+07    1.41416e+07
2.78819    2.12355e+08    7.07851e+07    1.41570e+07
2.79167    2.12587e+08    7.08624e+07    1.41725e+07
2.79514    2.12819e+08    7.09396e+07    1.41879e+07
2.79861    2.13051e+08    7.10169e+07    1.42034e+07
2.80208    2.13282e+08    7.10940e+07    1.42188e+07
2.80556    2.13514e+08    7.11712e+07    1.42342e+07
2.80903    2.13745e+08    7.12484e+07    1.42497e+07
2.81250    2.13976e+08    7.13255e+07    1.42651e+07
2.81597    2.14208e+08    7.14026e+07    1.42805e+07
2.81944    2.14439e+08    7.14797e+07    1.42959e+07
2.82292    2.14670e+08    7.15567e+07    1.43113e+07
2.82639    2.14901e+08    7.16337e+07    1.43267e+07
2.82986    2.15132e+08    7.17107e+07    1.43421e+07
2.83333    2.15363e+08    7.17877e+07    1.43575e+07
2.83681    2.15594e+08    7.18647e+07    1.43729e+07
2.84028    2.15825e+08    7.19416e+07    1.43883e+07
2.84375    2.16055e+08    7.20185e+07    1.44037e+07
2.84722    2.16286e+08    7.20954e+07    1.44191e+07
2.85069    2.16517e+08    7.21722e+07    1.44344e+07
2.85417    2.16747e+08    7.22490e+07    1.44498e+07
2.85764    2.16978e+08    7.23258e+07    1.44652e+07
2.86111    2.17208e+08    7.24026e+07    1.44805e+07
2.86458    2.17438e+08    7.24794e+07    1.44959e+07
2.86806    2.17668e+08    7.25561e+07    1.45112e+07
2.87153    2.17898e+08    7.26328e+07    1.45266e+07
2.87500    2.18128e+08    7.27095e+07    1.45419e+07
2.87847    2.18358e+08    7.27861e+07    1.45572e+07
2.88194    2.18588e+08    7.28628e+07    1.45726e+07
2.88542    2.18818e+08    7.29394e+07    1.45879e+07
2.88889    2.19048e+08    7.30159e+07    1.46032e+07
2.89236    2.19277e+08    7.30925e+07    1.46185e+07
2.89583    2.19507e+08    7.31690e+07    1.46338e+07
2.89931    2.19737e+08    7.32455e+07    1.46491e+07
2.90278    2.19966e+08    7.33220e+07    1.46644e+07
2.90625    2.20195e+08    7.33985e+07    1.46797e+07
2.90972    2.20425e+08    7.34749e+07    1.46950e+07
2.91319    2.20654e+08    7.35513e+07    1.47103e+07
2.91667    2.20883e+08    7.36277e+07    1.47255e+07
2.92014    2.21112e+08    7.37041e+07    1.47408e+07
2.92361    2.21341e+08    7.37804e+07    1.47561e+07
2.92708    2.21570e+08    7.38567e+07    1.47713e+07
2.93056    2.21799e+08    7.39330e+07    1.47866e+07
2.93403    2.22028e+08    7.40093e+07    1.48019e+07
2.93750    2.22256e+08    7.40855e+07    1.48171e+07
2.94097    2.22485e+08    7.41617e+07    1.48323e+07
2.94444    2.22714e+08    7.42379e+07    1.48476e+07
2.94792    2.22942e+08    7.43141e+07    1.48628e+07
2.95139    2.23171e+08    7.43902e+07    1.48780e+07
2.95486    2.23399e+08    7.44663e+07    1.48933e+07
2.95833    2.23627e+08    7.45424e+07    1.49085e+07
2.96181    2.23855e+08    7.46185e+07    1.49237e+07
2.96528    2.24084e+08    7.46945e+07    1.49389e+07
2.96875    2.24312e+08    7.47705e+07    1.49541e+07
2.97222    2.24540e+08    7.48465e+07    1.49693e+07
2.97569    2.24767e+08    7.49225e+07    1.49845e+07
2.97917    2.24995e+08    7.49984e+07    1.49997e+07
2.98264    2.25223e+08    7.50744e+07    1.50149e+07
2.98611    2.25451e+08    7.51502e+07    1.50300e+07
2.98958    2.25678e+08    7.52261e+07    1.50452e+07
2.99306    2.25906e+08    7.53020e+07    1.50604e+07
2.99653    2.26133e+08    7.53778e+07    1.50756e+07
3.00000    2.26361e+08    7.54536e+07    1.50907e+07
3.00347    2.26588e+08    7.55294e+07    1.51059e+07
3.00694    2.26815e+08    7.56051e+07    1.51210e+07
